
     E I G E N V A L U E   O U T P U T

 MODE NO    EIGENVALUE                       FREQUENCY   
                                     REAL PART            IMAGINARY PART
                           (RAD/TIME)      (CYCLES/TIME     (RAD/TIME)

      1   0.6827814E+04   0.8263059E+02   0.1315107E+02   0.0000000E+00
      2   0.1687620E+05   0.1299084E+03   0.2067557E+02   0.0000000E+00
      3   0.7847230E+05   0.2801291E+03   0.4458393E+02   0.0000000E+00
      4   0.2129994E+06   0.4615186E+03   0.7345297E+02   0.0000000E+00
      5   0.3836137E+06   0.6193656E+03   0.9857510E+02   0.0000000E+00
      6   0.5562851E+06   0.7458453E+03   0.1187050E+03   0.0000000E+00
      7   0.1013308E+07   0.1006632E+04   0.1602104E+03   0.0000000E+00
      8   0.1090318E+07   0.1044183E+04   0.1661869E+03   0.0000000E+00
      9   0.1565101E+07   0.1251040E+04   0.1991092E+03   0.0000000E+00
     10   0.1808798E+07   0.1344915E+04   0.2140499E+03   0.0000000E+00
     11   0.2407932E+07   0.1551751E+04   0.2469689E+03   0.0000000E+00
     12   0.3221460E+07   0.1794843E+04   0.2856581E+03   0.0000000E+00
     13   0.3862944E+07   0.1965437E+04   0.3128091E+03   0.0000000E+00
     14   0.4156978E+07   0.2038867E+04   0.3244957E+03   0.0000000E+00
     15   0.4233448E+07   0.2057534E+04   0.3274668E+03   0.0000000E+00
     16   0.6443758E+07   0.2538456E+04   0.4040078E+03   0.0000000E+00
     17   0.7676033E+07   0.2770565E+04   0.4409492E+03   0.0000000E+00
     18   0.9943632E+07   0.3153353E+04   0.5018716E+03   0.0000000E+00
     19   0.1059591E+08   0.3255137E+04   0.5180711E+03   0.0000000E+00
     20   0.1179412E+08   0.3434257E+04   0.5465790E+03   0.0000000E+00
     21   0.1311365E+08   0.3621278E+04   0.5763443E+03   0.0000000E+00
     22   0.1414175E+08   0.3760552E+04   0.5985105E+03   0.0000000E+00
     23   0.1601170E+08   0.4001462E+04   0.6368525E+03   0.0000000E+00
     24   0.1781436E+08   0.4220706E+04   0.6717462E+03   0.0000000E+00
     25   0.2012303E+08   0.4485870E+04   0.7139484E+03   0.0000000E+00
     26   0.2243100E+08   0.4736137E+04   0.7537797E+03   0.0000000E+00
     27   0.2383116E+08   0.4881717E+04   0.7769493E+03   0.0000000E+00
     28   0.2702599E+08   0.5198653E+04   0.8273913E+03   0.0000000E+00
     29   0.2832258E+08   0.5321897E+04   0.8470062E+03   0.0000000E+00
     30   0.3096217E+08   0.5564366E+04   0.8855964E+03   0.0000000E+00

     P A R T I C I P A T I O N   F A C T O R S

MODE NO.   X-COMPONENT     Y-COMPONENT     Z-COMPONENT     X-ROTATION      Y-ROTATION      Z-ROTATION

      1  -0.1136851E-13  -0.5146677E-14  -0.2076443E-01  -0.4364437E+01   0.3275463E+01   0.2396168E-11
      2   0.2075053E-13   0.7045197E-14  -0.2544339E-02  -0.1235388E+01   0.3166530E+01  -0.4639677E-11
      3  -0.1934287E-13  -0.8761948E-14   0.9568267E-02   0.4864740E+00  -0.2054556E+01   0.4130684E-11
      4  -0.1602485E-13  -0.7235171E-14   0.8827463E-03   0.5141807E-03   0.5226633E+00   0.3426736E-11
      5  -0.1089504E-13  -0.2537003E-14  -0.8854501E-02  -0.5541976E+00   0.2469302E+01   0.2672190E-11
      6  -0.1436055E-13  -0.4167414E-14   0.1164814E-02  -0.6787793E-01  -0.4736086E+00   0.3318600E-11
      7   0.8383211E-14   0.2237514E-14   0.1109199E-02   0.1034533E+00   0.1496155E+00  -0.2124121E-11
      8  -0.9901426E-14  -0.4276538E-14  -0.4694455E-03   0.4860474E-01   0.5677954E-01   0.1986925E-11
      9  -0.4810567E-13  -0.1827549E-13   0.4965469E-02   0.1554073E+00  -0.1216832E+01   0.1065634E-10
     10  -0.1796125E-01  -0.6832038E-02  -0.5661464E-14   0.1047026E-11   0.4664059E-11   0.3975367E+01
     11  -0.5425075E-14  -0.3646424E-14  -0.7649656E-04  -0.3208542E-01   0.2583234E+00   0.8880058E-12
     12  -0.2236564E-13  -0.9415374E-14  -0.1873453E-02  -0.1186918E+00   0.4669915E+00   0.4977328E-11
     13   0.1958244E-13   0.7268672E-14  -0.8691300E-03  -0.4249535E-01   0.2790652E+00  -0.4323048E-11
     14  -0.3965842E-14  -0.1902428E-15  -0.2326739E-02  -0.1285700E+00   0.5292054E+00   0.9182556E-12
     15  -0.8623019E-14  -0.3328435E-14  -0.1942740E-02  -0.2997859E-01   0.4826237E+00   0.2013690E-11
     16   0.1640697E-14   0.5897829E-15   0.1820751E-02   0.8099063E-01  -0.4484806E+00  -0.3287451E-12
     17  -0.2154577E-14   0.3365523E-15   0.8406978E-04   0.8849210E-02  -0.1689307E+00   0.6481739E-12
     18  -0.6284555E-14   0.2272551E-14   0.3248868E-03   0.1567167E-01  -0.1083474E+00   0.1966942E-11
     19   0.3367144E-14  -0.1533292E-14   0.1711334E-02   0.4625726E-01  -0.4538097E+00  -0.1035899E-11
     20   0.3172073E-14  -0.1365401E-14   0.1503484E-02   0.5835487E-01  -0.3275171E+00  -0.1023371E-11
     21  -0.3065562E-14   0.2832693E-14  -0.1706434E-02  -0.6016178E-01   0.4159629E+00   0.1216223E-11
     22  -0.4403516E-14   0.3848322E-14  -0.6458014E-04   0.3008128E-01  -0.5482004E-01   0.1731531E-11
     23   0.4007655E-14  -0.1218854E-14  -0.1689728E-03  -0.3234029E-02   0.1715756E+00  -0.1371960E-11
     24   0.1304562E-14  -0.1529574E-14  -0.1848220E-02  -0.7264934E-01   0.4355388E+00  -0.5219245E-12
     25  -0.8248529E-14   0.8763210E-14  -0.5758970E-03   0.9406715E-03   0.1284041E+00   0.3109516E-11
     26  -0.2049010E-14   0.4282077E-14   0.7551484E-03   0.1396796E-01  -0.2109221E+00   0.1125190E-11
     27  -0.4019750E-14   0.4957924E-14  -0.1460847E-02  -0.4096791E-01   0.4292573E+00   0.1539168E-11
     28  -0.1497358E-13   0.2941374E-13   0.1442272E-03  -0.8743895E-02  -0.8660756E-01   0.7567675E-11
     29   0.1082903E-01  -0.2234849E-01  -0.7437094E-15   0.1056500E-12   0.2877667E-13  -0.5774564E+01
     30   0.5379038E-14  -0.1357016E-13  -0.3477456E-03  -0.6032267E-02   0.1628135E-01  -0.3322108E-11

     E F F E C T I V E   M O D A L   M A S S

MODE NO.   X-COMPONENT     Y-COMPONENT     Z-COMPONENT     X-ROTATION      Y-ROTATION      Z-ROTATION

      1   0.1292430E-27   0.2648829E-28   0.4311616E-03   0.1904831E+02   0.1072865E+02   0.5741619E-23
      2   0.4305845E-27   0.4963480E-28   0.6473660E-05   0.1526183E+01   0.1002691E+02   0.2152661E-22
      3   0.3741468E-27   0.7677173E-28   0.9155174E-04   0.2366570E+00   0.4221200E+01   0.1706255E-22
      4   0.2567957E-27   0.5234771E-28   0.7792411E-06   0.2643818E-06   0.2731770E+00   0.1174252E-22
      5   0.1187020E-27   0.6436385E-29   0.7840219E-04   0.3071350E+00   0.6097452E+01   0.7140598E-23
      6   0.2062255E-27   0.1736734E-28   0.1356792E-05   0.4607413E-02   0.2243051E+00   0.1101311E-22
      7   0.7027823E-28   0.5006470E-29   0.1230323E-05   0.1070259E-01   0.2238479E-01   0.4511891E-23
      8   0.9803823E-28   0.1828878E-28   0.2203791E-06   0.2362421E-02   0.3223916E-02   0.3947870E-23
      9   0.2314156E-26   0.3339936E-27   0.2465588E-04   0.2415143E-01   0.1480680E+01   0.1135576E-21
     10   0.3226066E-03   0.4667675E-04   0.3205218E-28   0.1096263E-23   0.2175345E-22   0.1580354E+02
     11   0.2943144E-28   0.1329641E-28   0.5851724E-08   0.1029474E-02   0.6673096E-01   0.7885543E-24
     12   0.5002218E-27   0.8864927E-28   0.3509827E-05   0.1408774E-01   0.2180810E+00   0.2477379E-22
     13   0.3834720E-27   0.5283359E-28   0.7553869E-06   0.1805855E-02   0.7787740E-01   0.1868874E-22
     14   0.1572790E-28   0.3619231E-31   0.5413715E-05   0.1653023E-01   0.2800583E+00   0.8431933E-24
     15   0.7435646E-28   0.1107848E-28   0.3774237E-05   0.8987158E-03   0.2329256E+00   0.4054946E-23
     16   0.2691888E-29   0.3478439E-30   0.3315135E-05   0.6559482E-02   0.2011348E+00   0.1080734E-24
     17   0.4642201E-29   0.1132674E-30   0.7067727E-08   0.7830852E-04   0.2853757E-01   0.4201294E-24
     18   0.3949563E-28   0.5164490E-29   0.1055515E-06   0.2456013E-03   0.1173916E-01   0.3868859E-23
     19   0.1133766E-28   0.2350983E-29   0.2928665E-05   0.2139734E-02   0.2059433E+00   0.1073086E-23
     20   0.1006205E-28   0.1864320E-29   0.2260465E-05   0.3405291E-02   0.1072674E+00   0.1047288E-23
     21   0.9397671E-29   0.8024151E-29   0.2911915E-05   0.3619439E-02   0.1730251E+00   0.1479197E-23
     22   0.1939095E-28   0.1480958E-28   0.4170594E-08   0.9048836E-03   0.3005236E-02   0.2998198E-23
     23   0.1606130E-28   0.1485604E-29   0.2855179E-07   0.1045895E-04   0.2943818E-01   0.1882273E-23
     24   0.1701883E-29   0.2339596E-29   0.3415919E-05   0.5277927E-02   0.1896940E+00   0.2724051E-24
     25   0.6803823E-28   0.7679385E-28   0.3316573E-06   0.8848629E-06   0.1648762E-01   0.9669089E-23
     26   0.4198440E-29   0.1833618E-28   0.5702491E-06   0.1951038E-03   0.4448814E-01   0.1266053E-23
     27   0.1615839E-28   0.2458101E-28   0.2134074E-05   0.1678369E-02   0.1842619E+00   0.2369039E-23
     28   0.2242082E-27   0.8651679E-27   0.2080148E-07   0.7645570E-04   0.7500870E-02   0.5726971E-22
     29   0.1172679E-03   0.4994551E-03   0.5531037E-30   0.1116193E-25   0.8280968E-27   0.3334559E+02
     30   0.2893405E-28   0.1841492E-27   0.1209270E-06   0.3638825E-04   0.2650825E-03   0.1103640E-22
TOTAL     0.4398745E-03   0.5461318E-03   0.6674460E-03   0.2121869E+02   0.3515645E+02   0.4914913E+02

     T O T A L   E F F E C T I V E   M A S S

MODE NO.   X-COMPONENT     Y-COMPONENT     Z-COMPONENT     X-ROTATION      Y-ROTATION      Z-ROTATION

          0.6945830E-03   0.6945830E-03   0.6945830E-03   0.2123939E+02   0.3691126E+02   0.5814776E+02


                    E I G E N V A L U E    N U M B E R     1


 displacements (vx,vy,vz) for set OBSERVATION and time  0.1000000E+01

      3198 -2.729242E-01  6.174359E-01 -1.653547E+01
      3214 -2.184847E-01  4.544776E-01 -6.438514E+00
      3238 -2.436530E-02  2.423192E-01 -1.499794E+00
      3262 -1.012507E-01  1.776383E-01 -8.039342E-02
      3696 -3.352706E-01  7.309624E-01 -4.354161E+01
      3712 -3.107139E-01  6.934040E-01 -3.025592E+01
      3724 -2.530267E-01  6.625770E-01 -2.457351E+01
      3736 -1.889447E-01  6.078192E-01 -2.017843E+01
      3760 -1.662823E-01  4.832067E-01 -1.363362E+01
      4028 -3.670540E-01  7.712604E-01 -7.390692E+01
      4044 -3.524720E-01  7.381957E-01 -5.930878E+01
      4068 -2.844383E-01  6.791761E-01 -4.646474E+01
      4092 -2.394048E-01  6.136919E-01 -3.618502E+01

                    E I G E N V A L U E    N U M B E R     2


 displacements (vx,vy,vz) for set OBSERVATION and time  0.1000000E+01

      3198  1.031592E+00 -1.084914E-01  4.558648E+01
      3214  6.635850E-01 -1.156465E-01  9.841575E+00
      3238  6.485319E-02  2.261864E-01 -1.453207E+00
      3262  2.702098E-01  5.642993E-01 -8.314752E+00
      3696  1.067090E+00  7.678981E-02  4.659694E+01
      3712  8.236251E-01  2.134897E-01  8.020027E+00
      3724  6.532175E-01  3.659436E-01 -6.721803E+00
      3736  5.381848E-01  5.663032E-01 -1.849410E+01
      3760  4.929771E-01  8.868047E-01 -3.875852E+01
      4028  1.160569E+00  2.595096E-01  3.951400E+01
      4044  1.057742E+00  4.231694E-01 -5.337148E+00
      4068  8.663460E-01  6.849773E-01 -4.396912E+01
      4092  7.153418E-01  9.124733E-01 -7.534321E+01

                    E I G E N V A L U E    N U M B E R     3


 displacements (vx,vy,vz) for set OBSERVATION and time  0.1000000E+01

      3198  1.848264E+00  9.128912E-01  8.220488E+01
      3214  1.201079E+00  1.237005E-01  1.669730E+01
      3238 -5.621275E-02 -5.228851E-02  1.589059E-01
      3262 -6.355488E-01 -5.514533E-01  1.302329E+01
      3696  1.132822E+00  1.466291E+00  3.455679E+01
      3712  4.545300E-01  7.066672E-01  4.791676E-01
      3724 -6.334786E-02  3.604543E-01 -3.450294E+00
      3736 -5.220774E-01  5.664008E-02  2.606867E+00
      3760 -1.042983E+00 -4.803138E-01  3.577364E+01
      4028  4.997639E-01  1.731394E+00 -3.105002E+01
      4044 -2.616639E-01  1.148510E+00 -3.755321E+01
      4068 -1.153812E+00  4.578010E-01 -7.984722E+00
      4092 -1.498497E+00 -9.488731E-02  4.732261E+01

                    E I G E N V A L U E    N U M B E R     4


 displacements (vx,vy,vz) for set OBSERVATION and time  0.1000000E+01

      3198  4.006613E-01  1.155305E+00  4.196334E+01
      3214  7.672152E-01 -1.501483E-01  1.612799E+01
      3238  1.327936E-01 -1.575296E-01  1.095227E+00
      3262  1.653161E+00  7.911992E-01 -2.977314E+01
      3696 -1.086677E+00  1.332145E+00 -9.553252E+00
      3712 -4.145072E-01 -1.735140E-01  2.310989E+01
      3724  1.612895E-01 -5.933024E-01  2.586202E+01
      3736  8.553985E-01 -6.258523E-01  1.586922E+01
      3760  2.116626E+00 -1.559487E-01 -4.613653E+01
      4028 -2.535228E+00  9.025748E-01 -5.624533E+01
      4044 -1.608115E+00 -4.010337E-01  3.339936E+01
      4068  7.776242E-01 -1.170973E+00  5.205568E+01
      4092  2.402064E+00 -1.149003E+00 -1.768870E+01

                    E I G E N V A L U E    N U M B E R     5


 displacements (vx,vy,vz) for set OBSERVATION and time  0.1000000E+01

      3198  8.297158E-01  7.534578E-01  6.942642E+00
      3214 -1.791283E-03  9.828579E-01 -1.199717E+01
      3238  3.176094E-02  1.076096E+00 -6.995941E+00
      3262  1.952541E+00  1.291909E+00 -4.287750E+01
      3696  1.221971E+00 -1.804822E-01 -8.642366E+00
      3712  4.566216E-01  2.543462E-01 -4.585363E+01
      3724 -7.784211E-04  3.091887E-01 -4.999464E+01
      3736 -1.025170E-01  1.034984E-01 -4.822485E+01
      3760  6.815887E-01 -1.158709E+00 -5.729404E+01
      4028  1.596565E+00 -1.179046E+00  2.273002E+01
      4044  3.864961E-01 -1.156513E+00 -2.286131E+01
      4068 -1.214369E+00 -2.050744E+00 -2.030476E+00
      4092 -1.017442E+00 -3.597339E+00  4.876015E+01

                    E I G E N V A L U E    N U M B E R     6


 displacements (vx,vy,vz) for set OBSERVATION and time  0.1000000E+01

      3198  1.050629E+00  3.887452E+00  4.437741E+01
      3214  7.955121E-01  1.660095E+00 -1.057831E+00
      3238 -1.888077E-01  5.927904E-01 -4.254915E+00
      3262 -2.179257E+00 -2.096179E-01  3.480343E+01
      3696 -6.716242E-01  4.743943E-01 -5.934490E+01
      3712 -3.188751E-01 -2.623872E-01 -4.283843E+01
      3724 -4.411672E-01 -2.192293E-01 -3.546332E+01
      3736 -6.929627E-01  2.302084E-02 -2.435789E+01
      3760 -1.399276E+00  9.184573E-01  1.824155E+01
      4028 -9.779917E-01 -3.636795E+00  1.647212E+01
      4044  2.887410E-01 -2.985559E+00  3.071385E+01
      4068  8.199976E-01 -1.212716E+00  2.920014E+00
      4092  1.862531E-01  7.474396E-01 -1.900708E+01

                    E I G E N V A L U E    N U M B E R     7


 displacements (vx,vy,vz) for set OBSERVATION and time  0.1000000E+01

      3198 -1.680037E+00  2.516788E+00  1.587477E+01
      3214  9.362304E-01 -1.286865E-01  2.845565E+01
      3238  8.699900E-02 -9.663315E-01  6.817672E+00
      3262  3.779440E+00 -1.027699E+00 -5.323980E+01
      3696 -2.620463E+00 -1.264200E-01 -4.125591E+01
      3712 -7.369405E-01  3.840862E-01  2.858077E+01
      3724 -7.777549E-02  4.758944E-01  3.581851E+01
      3736  1.814071E-01  3.857528E-01  3.443462E+01
      3760  6.366451E-01 -1.533523E+00  1.743749E+01
      4028 -4.705584E-01 -2.463492E+00  2.182845E+01
      4044  1.343221E+00  8.736038E-01 -3.089402E-01
      4068 -5.872813E-02  2.899933E+00 -3.922384E+01
      4092 -2.189708E+00  1.708570E+00  1.347625E+01

                    E I G E N V A L U E    N U M B E R     8


 displacements (vx,vy,vz) for set OBSERVATION and time  0.1000000E+01

      3198  2.263840E+00  8.643442E-01  2.901097E+00
      3214 -9.365677E-01  7.269164E-01 -2.504155E+01
      3238 -2.924806E-01 -9.825666E-01  6.955862E+00
      3262  2.051638E+00 -1.248113E+00 -1.681703E+01
      3696  2.688324E+00 -2.598045E-01 -1.428718E+01
      3712 -1.654286E+00  6.173769E-02 -4.177564E+01
      3724 -2.692933E+00 -2.998158E-01  5.301537E+00
      3736 -1.609517E+00 -6.893209E-01  5.160775E+01
      3760  2.370220E+00 -1.999658E-01  2.907319E+01
      4028  3.812429E+00 -7.017272E-01  1.359312E+01
      4044 -1.448942E+00  2.365144E-01 -4.345633E+01
      4068 -1.229046E+00  6.117089E-01  4.759663E+01
      4092  3.906249E+00  1.993316E+00 -1.846398E+01

                    E I G E N V A L U E    N U M B E R     9


 displacements (vx,vy,vz) for set OBSERVATION and time  0.1000000E+01

      3198 -3.354809E+00  1.671333E+00  4.049491E+00
      3214  1.413472E+00 -3.252929E-01  4.395742E+01
      3238  2.537831E-01 -6.211997E-01  3.938022E+00
      3262 -2.904387E+00  1.613708E+00  4.279408E+01
      3696 -1.870026E+00 -4.610910E-01 -2.246158E+01
      3712 -5.561917E-01  1.356862E+00  2.989960E+01
      3724  2.154731E-01  7.754370E-01  3.320429E+01
      3736  9.498610E-01  1.300925E-01  2.150452E+01
      3760  1.674804E+00  1.159857E+00 -3.589803E+01
      4028  2.878746E+00 -1.109205E+00  2.099711E+01
      4044 -2.406037E-01  2.098606E+00 -4.681978E+01
      4068 -1.581562E+00 -1.215212E-01  1.489602E+01
      4092  2.009349E+00 -3.010649E+00  7.127408E+00

                    E I G E N V A L U E    N U M B E R    10


 displacements (vx,vy,vz) for set OBSERVATION and time  0.1000000E+01

      3198 -6.715486E+00 -3.682033E+01  5.271294E-04
      3214 -6.972521E+00 -1.547494E+01  2.286611E-02
      3238 -4.751447E+00 -9.028147E-02  3.185401E-03
      3262 -7.048557E+00  1.430969E+01 -1.799270E-02
      3696 -2.620745E+01 -3.683956E+01  2.624148E-04
      3712 -2.569716E+01 -1.734833E+01  5.294725E-03
      3724 -2.510875E+01 -8.398754E+00  4.259912E-03
      3736 -2.471680E+01 -3.724798E-01  6.253394E-05
      3760 -2.526105E+01  1.601469E+01 -6.980633E-03
      4028 -4.489320E+01 -3.700771E+01 -1.191756E-03
      4044 -4.440576E+01 -1.818524E+01 -3.514186E-03
      4068 -4.381193E+01 -5.648660E-01 -2.896262E-03
      4092 -4.371735E+01  1.663873E+01 -1.532937E-03

                    E I G E N V A L U E    N U M B E R    11


 displacements (vx,vy,vz) for set OBSERVATION and time  0.1000000E+01

      3198 -5.842335E+00 -4.416753E-01  2.603508E-01
      3214  2.935453E+00  1.061107E+00  5.330279E+01
      3238 -1.094362E-01  1.189594E+00 -8.511537E+00
      3262  1.445914E+00 -1.722868E+00 -2.268912E+01
      3696 -7.038166E-01 -5.122750E-02  2.250286E+01
      3712  2.157086E+00  1.556240E+00 -1.706182E+01
      3724  9.452700E-01  6.022017E-01 -5.156498E+01
      3736 -1.215039E+00 -1.680323E-01 -4.845255E+01
      3760 -2.147234E+00 -3.117580E-01  3.593363E+01
      4028  1.086436E+00  1.028607E+00 -1.769188E+00
      4044 -6.772173E-01 -1.385475E+00 -1.538545E+01
      4068 -5.004876E-01 -3.019687E+00  2.660335E+01
      4092  1.955020E+00  1.978355E+00 -1.278240E+01

                    E I G E N V A L U E    N U M B E R    12


 displacements (vx,vy,vz) for set OBSERVATION and time  0.1000000E+01

      3198 -4.438987E-01  5.709074E+00 -1.337868E+01
      3214  1.460582E-01  2.590014E+00 -2.251641E+01
      3238 -9.605414E-03  1.770179E+00 -1.308782E+01
      3262 -7.997706E-01  1.434689E+00 -7.965616E+00
      3696 -6.860812E-02 -4.585600E+00 -6.753062E+00
      3712 -1.716062E-01 -3.356002E+00  4.602996E+00
      3724  5.951245E-01 -2.870216E+00  7.320690E-01
      3736  8.851410E-01 -2.157297E+00 -1.599811E+01
      3760 -1.394888E+00 -1.443920E+00 -9.911878E+00
      4028  1.655330E+00  5.421808E+00  1.403855E+01
      4044 -1.139424E+00  3.704341E+00  2.186856E+01
      4068  1.294067E+00  1.544314E+00  1.934016E+01
      4092 -1.081195E+00  1.768309E+00  1.147878E+00

                    E I G E N V A L U E    N U M B E R    13


 displacements (vx,vy,vz) for set OBSERVATION and time  0.1000000E+01

      3198  1.050981E+00 -2.209001E+00  4.983344E+00
      3214 -4.624384E-01 -1.889326E+00  1.462126E+01
      3238  8.537012E-01  8.913972E-01 -6.611226E+00
      3262 -1.254900E+00  2.324558E+00 -1.790896E+01
      3696  1.074899E+00  2.451678E+00 -2.327255E+01
      3712 -2.024829E+00  1.297819E+00  2.661697E+01
      3724  1.125897E+00 -3.360384E-01  3.879322E+01
      3736  3.156483E+00 -1.107251E+00 -1.079907E+01
      3760 -3.664961E+00 -2.174822E+00 -2.087072E+01
      4028  4.734984E+00 -2.692169E+00 -2.145307E+01
      4044 -4.197570E+00 -1.697225E-01 -8.075665E+00
      4068  3.119147E+00 -2.332724E-01  2.860467E+01
      4092 -3.577302E+00  2.916033E+00 -9.687752E+00

                    E I G E N V A L U E    N U M B E R    14


 displacements (vx,vy,vz) for set OBSERVATION and time  0.1000000E+01

      3198  6.562498E-01 -1.864779E+00  9.607641E+00
      3214  2.182555E-01 -3.415724E-01 -1.505112E+01
      3238  2.155772E-01  2.684774E+00 -2.005385E+01
      3262 -1.494631E+00  3.725166E+00 -1.102002E+01
      3696 -2.735575E+00  1.377546E+00  7.184790E+00
      3712  2.117146E+00 -6.711442E-01  7.674095E+00
      3724  9.878995E-01 -1.542956E+00 -2.788360E+01
      3736 -9.236785E-01 -3.123419E+00 -2.667534E+01
      3760  4.459263E-01 -4.111908E+00 -9.675411E-01
      4028 -2.880174E+00 -2.178279E+00  1.144738E+01
      4044  2.293061E+00  1.970633E+00 -1.603978E+01
      4068 -3.397366E+00  2.331582E+00  2.145611E+01
      4092  3.670652E+00  4.216864E+00  2.891355E+01

                    E I G E N V A L U E    N U M B E R    15


 displacements (vx,vy,vz) for set OBSERVATION and time  0.1000000E+01

      3198  3.414875E+00  6.210272E-01 -9.084867E-01
      3214 -1.807738E+00 -2.354115E+00 -2.670901E+01
      3238  1.174150E-01  4.855671E-01 -3.057837E+00
      3262  7.938732E-01 -3.479117E+00 -9.119134E+00
      3696 -3.502396E+00 -4.179063E-01 -1.603751E+01
      3712  1.009086E+00 -4.608714E-01  5.632376E+01
      3724  2.999838E+00  2.447392E-01  1.145289E+01
      3736  1.589104E+00  7.246770E-01 -4.020615E+01
      3760 -3.583666E+00  2.376833E+00  1.800185E+01
      4028  3.946992E-01 -3.876789E-01  1.156192E+01
      4044  4.070546E-01  3.224882E+00 -1.842245E+01
      4068 -9.322005E-01 -3.054153E+00  6.840595E+00
      4092  2.157022E+00 -2.504998E+00 -1.472947E+01

                    E I G E N V A L U E    N U M B E R    16


 displacements (vx,vy,vz) for set OBSERVATION and time  0.1000000E+01

      3198  1.909987E+00  2.615207E+00 -1.995674E+01
      3214 -2.224318E+00 -3.255001E+00  1.615330E+01
      3238  9.146517E-01 -2.641595E+00  2.034573E+01
      3262 -8.056673E-02  3.148898E+00 -9.010043E+00
      3696 -2.731903E-01 -2.763813E+00 -2.309425E+00
      3712 -1.445916E-01  3.657399E+00  1.628862E+01
      3724  4.599608E-01  5.400301E+00  1.227564E+01
      3736  3.341475E-01  3.899313E+00  3.148263E+00
      3760 -9.076612E-02 -2.853363E+00  1.751350E+00
      4028 -3.751489E-01  2.573163E+00  1.180815E+01
      4044  1.652667E+00 -3.569369E+00 -2.055920E+01
      4068 -1.703331E+00 -4.327051E+00 -1.943852E+01
      4092  4.689137E-01  2.904523E+00  1.216150E+01

                    E I G E N V A L U E    N U M B E R    17


 displacements (vx,vy,vz) for set OBSERVATION and time  0.1000000E+01

      3198 -4.643068E-01 -8.776350E-01  1.940611E+01
      3214  5.323435E-01 -9.961960E-01 -3.394927E+01
      3238 -1.319308E+00 -3.356347E-01  2.792395E+00
      3262  1.750100E+00  1.325093E-01  2.528212E+01
      3696 -5.657720E+00  6.476404E-01  1.662251E+01
      3712  4.632901E+00 -3.307440E-01 -1.106711E+00
      3724  2.631614E-01 -4.905081E-01 -6.009482E+01
      3736 -4.252362E+00  8.404017E-01 -1.077490E+01
      3760  4.783595E+00  3.488362E-01  1.688036E+01
      4028  2.638454E+00  8.258981E-01 -4.493369E+00
      4044 -2.222941E+00 -5.556217E-02 -3.499713E-01
      4068  2.280303E+00 -1.631408E+00  2.662767E+00
      4092 -2.888830E+00  1.322012E+00 -6.531092E+00

                    E I G E N V A L U E    N U M B E R    18


 displacements (vx,vy,vz) for set OBSERVATION and time  0.1000000E+01

      3198 -1.348781E+00  6.545172E-01  5.179266E+00
      3214 -6.704858E-02  2.496194E+00 -3.978901E+01
      3238 -2.462713E-01 -2.241682E+00  1.735423E+01
      3262  1.650650E-01  8.588300E-01 -7.029596E+00
      3696 -1.391750E+00 -1.590768E-01  4.588206E+01
      3712  1.163390E-01 -1.324049E+00 -2.740309E+01
      3724 -3.391087E+00  6.001194E-02  1.808178E+01
      3736  1.415861E+00  1.556452E+00  4.696914E+01
      3760 -2.710423E+00  4.922733E-01 -3.017481E+01
      4028 -4.594731E+00 -1.818769E+00  2.903866E+01
      4044  1.209880E+00  2.106571E+00 -6.272188E+01
      4068  1.080265E+00 -3.073706E+00  4.882315E+01
      4092 -4.311535E+00  3.954140E-01 -4.162123E+01

                    E I G E N V A L U E    N U M B E R    19


 displacements (vx,vy,vz) for set OBSERVATION and time  0.1000000E+01

      3198  6.419508E-01 -1.145329E+00  1.249580E+00
      3214  4.293675E-01  3.515900E+00  6.881834E-01
      3238 -6.784851E-01 -1.980041E+00  1.574631E+01
      3262  2.101808E+00  1.920757E+00  7.139058E+00
      3696  1.945439E+00  1.255407E+00 -2.745970E+01
      3712 -1.084322E+00 -4.153754E+00  1.902998E+01
      3724  1.898796E+00 -3.288584E-01  5.848210E+00
      3736 -4.935999E-02  3.869205E+00 -2.032179E+01
      3760  5.527996E-01 -9.910230E-01  2.729684E+01
      4028  9.513400E-01 -7.105405E-01 -1.579129E+01
      4044  3.785596E-02  4.228071E+00  4.665963E+01
      4068 -7.331380E-02 -3.782539E+00 -4.454058E+01
      4092  1.360194E+00  1.164911E-01  1.343700E+01

                    E I G E N V A L U E    N U M B E R    20


 displacements (vx,vy,vz) for set OBSERVATION and time  0.1000000E+01

      3198  2.275304E+00 -4.822258E+00  2.984105E+01
      3214  5.219103E-01 -1.237590E+00  6.867212E+01
      3238  1.749435E-01 -1.414254E+00  1.199627E+01
      3262  2.776765E-01 -1.229605E+00  1.573677E+01
      3696 -1.017947E+00 -9.189086E-01 -7.139143E+01
      3712 -3.424153E-01  6.988018E-01 -5.448665E+01
      3724 -1.267676E+00  8.780475E-01 -3.778952E+01
      3736 -7.314481E-01  3.466041E-01 -1.417825E+01
      3760  1.466114E-01  7.631795E-01 -2.209597E+01
      4028 -1.613048E+00  4.450211E+00  6.998464E+01
      4044  1.652701E+00  3.019381E+00  1.451923E+01
      4068  3.675835E-01  3.445772E-01  4.136450E+01
      4092 -1.627374E+00  1.262679E+00 -3.969013E+00

                    E I G E N V A L U E    N U M B E R    21


 displacements (vx,vy,vz) for set OBSERVATION and time  0.1000000E+01

      3198 -2.231252E+00 -2.648535E+00  6.066038E+01
      3214  9.645288E-01 -8.190483E-01 -3.830725E+01
      3238  6.596048E-01  5.065669E-01 -5.377891E+00
      3262 -1.144874E+00  4.495906E+00 -6.760591E+01
      3696 -2.508322E+00  9.316597E-01 -1.845160E+01
      3712 -7.077808E-01 -3.843730E-01 -3.514657E+01
      3724 -3.624780E+00 -5.565666E-01  1.840121E+01
      3736  1.614489E-01 -1.569065E-01  6.050076E+01
      3760 -3.233311E+00 -1.304766E+00  4.056913E+01
      4028  1.492010E+00  3.017693E+00  2.031575E+01
      4044  4.367258E-01 -1.232907E+00  1.585962E+01
      4068  6.209796E-01 -3.292787E-04 -3.674156E+01
      4092  1.459470E+00 -4.566501E+00 -3.899171E+01

                    E I G E N V A L U E    N U M B E R    22


 displacements (vx,vy,vz) for set OBSERVATION and time  0.1000000E+01

      3198 -3.702646E+00 -6.484253E-01  5.801988E+01
      3214 -3.264396E-02 -1.266696E+00 -6.659104E+01
      3238 -4.031984E-01 -3.376345E+00  2.830170E+01
      3262 -6.328916E-01 -3.177671E+00  3.255562E+01
      3696 -1.263342E+00  1.727758E+00  3.671033E+00
      3712 -7.640276E-01 -8.158925E-01 -2.317889E+01
      3724 -1.804639E+00  5.646766E-01  1.376299E+01
      3736  2.583141E+00  2.559303E+00  8.545399E+00
      3760 -1.411740E+00 -4.690522E-02 -7.931721E+01
      4028  2.058270E+00  1.184425E+00 -1.061919E+01
      4044 -6.700782E-02 -1.062857E+00  3.202130E+01
      4068 -1.854424E+00  1.355573E+00 -1.308079E+01
      4092  1.397523E+00  2.739211E+00  6.330755E+01

                    E I G E N V A L U E    N U M B E R    23


 displacements (vx,vy,vz) for set OBSERVATION and time  0.1000000E+01

      3198  2.525803E+00 -3.173371E-01 -2.462270E+01
      3214 -1.281028E+00  3.319117E+00  1.314765E+01
      3238  1.565929E+00 -1.495361E+00  1.165398E+01
      3262 -4.254787E+00 -4.746193E-01 -4.439481E+01
      3696 -2.958224E+00 -6.275084E-01  2.700264E+01
      3712  1.989276E+00 -6.951216E-01 -2.154752E+01
      3724 -2.699080E+00  3.502119E+00 -1.125420E+01
      3736 -8.525867E-01  1.456063E+00  3.808807E+01
      3760 -2.072114E-01 -1.801339E+00 -2.800830E+01
      4028  5.833556E-01  1.405978E+00 -9.756604E+00
      4044  2.408379E-01 -1.540271E+00  1.021922E+01
      4068 -9.985459E-01 -4.679782E-02 -2.581367E+01
      4092  1.284960E+00  8.192056E-01  2.169409E+01

                    E I G E N V A L U E    N U M B E R    24


 displacements (vx,vy,vz) for set OBSERVATION and time  0.1000000E+01

      3198  5.782792E-01 -1.389851E+00  3.243307E+01
      3214  1.595494E+00  2.395335E+00 -4.890105E+01
      3238 -6.921655E-01  4.554041E+00 -3.986259E+01
      3262 -1.285233E+00 -1.852010E+00  1.803397E+01
      3696 -2.504646E-01 -1.571024E-01 -5.698165E+01
      3712 -2.310212E+00 -8.064639E-01  8.442620E+01
      3724  2.517323E+00 -1.020182E+00  7.546519E+01
      3736  1.058220E+00 -1.841451E+00  3.039883E+01
      3760  3.428448E+00 -2.034235E-01 -3.188099E+00
      4028  7.915343E-01  1.677687E+00  2.912268E+01
      4044  2.428347E+00 -2.326829E+00 -5.589114E+01
      4068 -1.731414E+00 -4.411152E+00 -3.350249E+01
      4092 -2.107271E+00  2.380003E+00  2.160792E+00

                    E I G E N V A L U E    N U M B E R    25


 displacements (vx,vy,vz) for set OBSERVATION and time  0.1000000E+01

      3198 -3.870935E+00  2.440209E+00  5.222807E+01
      3214 -2.934090E+00 -5.255498E+00 -4.376482E+01
      3238  2.003480E+00 -9.890538E-01  9.856319E+00
      3262 -9.896772E-01  2.284189E-01 -1.706024E+01
      3696  3.689562E+00  5.836245E-01 -1.733705E+01
      3712 -2.754461E+00  8.714492E-01  5.734142E+00
      3724  3.388823E+00  3.921079E+00 -5.093605E-01
      3736  3.173913E-01  1.804146E+00 -6.047924E+01
      3760  2.242518E+00 -1.059522E+00  4.923712E+01
      4028 -2.667519E+00 -8.685381E-01  2.861432E+01
      4044 -4.709010E-01  3.497607E+00  4.701106E+00
      4068  1.451752E+00 -1.709179E+00  1.517700E+01
      4092  7.601221E-01  1.490764E+00  4.487931E+00

                    E I G E N V A L U E    N U M B E R    26


 displacements (vx,vy,vz) for set OBSERVATION and time  0.1000000E+01

      3198  1.509917E+00 -1.492708E+00  4.275766E+00
      3214 -5.429666E-01  2.167072E+00  1.053840E+00
      3238  1.105943E-01  7.380421E-01 -5.993875E+00
      3262  2.209530E+00 -1.148330E-01  4.434860E+01
      3696 -3.076085E+00 -1.882176E+00  3.743157E+01
      3712 -3.509211E+00  7.579624E-01 -1.706139E+01
      3724 -5.498812E-01 -1.117124E+00  5.539164E+01
      3736  5.131832E+00 -7.281558E-01 -1.642928E+01
      3760 -7.075248E-01 -5.860314E-01  2.128639E+01
      4028 -1.516021E+00  1.043538E+00  6.132113E+01
      4044 -5.829484E+00 -2.110951E+00 -5.462937E+01
      4068  5.186964E+00  2.027427E+00 -3.548461E+01
      4092  3.005460E+00 -7.722601E-01  6.170766E+01

                    E I G E N V A L U E    N U M B E R    27


 displacements (vx,vy,vz) for set OBSERVATION and time  0.1000000E+01

      3198 -1.734363E+00 -2.348125E-01 -7.597413E+00
      3214  1.867021E+00 -1.786696E+00  4.452709E+01
      3238  1.610432E-01  2.605371E+00 -2.440973E+01
      3262 -4.614163E+00 -2.167282E+00 -2.973193E+01
      3696  2.971061E+00 -3.797045E-01  1.100931E+01
      3712 -1.619176E+00 -1.273200E+00 -4.400451E+01
      3724 -2.562484E+00 -2.662642E+00  3.074482E+00
      3736 -1.808548E+00  1.169085E-01  4.912079E+01
      3760  4.709777E+00 -2.126939E+00 -2.221613E+00
      4028 -2.604564E+00 -1.995200E+00  9.806209E+00
      4044 -1.852951E+00  4.357379E+00  2.056284E+01
      4068  3.758457E+00 -4.295371E+00 -6.893641E+01
      4092 -1.835587E+00  8.438328E-01  2.434996E+01

                    E I G E N V A L U E    N U M B E R    28


 displacements (vx,vy,vz) for set OBSERVATION and time  0.1000000E+01

      3198 -1.458765E+00  1.440734E+00 -1.228362E+00
      3214 -1.825848E+00 -3.355646E+00  2.817522E+01
      3238  1.351425E+00  5.314301E+00 -4.737734E+01
      3262  2.747731E+00  2.496391E-01  9.045416E+01
      3696  1.096944E+00  2.234072E-01  3.138723E+01
      3712 -3.288566E+00  2.036659E+00 -5.241378E+01
      3724 -3.448286E+00  1.025497E+00  3.960844E+01
      3736  2.544335E+00 -4.862998E+00  4.091335E+01
      3760  3.122092E-01  1.233238E+00  1.692749E+00
      4028 -1.062864E+00  2.585823E+00 -1.097735E+01
      4044  3.888116E+00 -1.735572E+00  3.218295E+01
      4068 -2.250711E+00 -8.676885E-02 -2.270256E+01
      4092 -1.769579E+00 -4.776880E-01 -2.814863E+01

                    E I G E N V A L U E    N U M B E R    29


 displacements (vx,vy,vz) for set OBSERVATION and time  0.1000000E+01

      3198  1.450438E+01 -4.615048E+01  1.069753E-02
      3214  8.402770E+00 -2.427438E+01  1.489982E-01
      3238  6.762729E+00 -5.538543E+00  1.724462E-01
      3262  1.138987E+01 -2.648460E+01  4.225649E-02
      3696  1.207901E+01 -4.552785E+01  1.358845E-02
      3712  1.308254E+01 -3.097566E+01  5.920120E-02
      3724  1.543961E+01 -2.447732E+01  7.188208E-02
      3736  1.887366E+01 -2.226992E+01  6.955388E-02
      3760  2.445639E+01 -3.041484E+01  1.604054E-02
      4028  1.268983E+01 -4.701933E+01  7.863339E-03
      4044  1.541732E+01 -3.672221E+01 -1.377427E-02
      4068  2.135707E+01 -3.041435E+01 -2.381486E-02
      4092  2.607579E+01 -3.335682E+01 -6.398617E-03

                    E I G E N V A L U E    N U M B E R    30


 displacements (vx,vy,vz) for set OBSERVATION and time  0.1000000E+01

      3198 -1.221289E+00  3.519992E+00 -1.163742E+01
      3214  2.594663E+00 -4.535303E+00 -5.162625E+00
      3238 -2.452591E+00  3.855904E-01 -3.853462E+00
      3262  1.556136E+00  8.148862E-01  1.712588E+01
      3696  3.957059E+00 -1.872956E+00 -6.801526E+01
      3712  4.120025E+00  2.765420E+00  3.831819E+01
      3724 -1.084706E-01 -2.104017E-01 -4.252820E+01
      3736 -4.087640E+00 -1.663180E+00  4.054535E+01
      3760 -3.636081E+00 -2.308805E-01 -6.831027E+01
      4028 -2.648405E+00 -4.561101E-01  3.728890E+01
      4044 -8.853844E-01 -5.164247E-01 -1.987352E+01
      4068  1.403942E+00  3.330305E+00 -1.370819E+01
      4092  1.794405E+00 -3.162394E+00  1.801292E+01
